1456211455204 17276756675142519779 0 = pixelshader
1456211455204 2401784551048233683 256 # 811723272074579785 129
1456211455204 3110347799259631421 256 = 0
1466087436830 2401784551048233683 256 # 811723272074579785 129
1466087436830 3110347799259631421 256 = 0
1466087436830 17276756675142519779 0 = pixelshader
1466087436836 2401784551048233683 256 # 811723272074579785 129
1466087436836 3110347799259631421 256 = 0
1466087436836 17276756675142519779 0 = pixelshader
1466087436858 2401784551048233683 256 # 811723272074579785 129
1466087436858 3110347799259631421 256 = 0
1466087436858 17276756675142519779 0 = pixelshader
1466087436862 2401784551048233683 256 # 811723272074579785 129
1466087436862 3110347799259631421 256 = 0
1466087436862 17276756675142519779 0 = pixelshader
1466087436962 2401784551048233683 256 # 811723272074579785 129
1466087436962 3110347799259631421 256 = 0
1466087436962 17276756675142519779 0 = pixelshader
1466087436969 2401784551048233683 256 # 811723272074579785 129
1466087436969 3110347799259631421 256 = 0
1466087436969 17276756675142519779 0 = pixelshader
1466087436999 2401784551048233683 256 # 811723272074579785 129
1466087436999 3110347799259631421 256 = 0
1466087436999 17276756675142519779 0 = pixelshader
1466087437005 2401784551048233683 256 # 811723272074579785 129
1466087437005 3110347799259631421 256 = 0
1466087437005 17276756675142519779 0 = pixelshader
1466143232179 2401784551048233683 256 # 811723272074579785 129
1466143232179 3110347799259631421 256 = 0
1466143232179 17276756675142519779 0 = pixelshader
1466143232191 2401784551048233683 256 # 811723272074579785 129
1466143232191 3110347799259631421 256 = 0
1466143232191 17276756675142519779 0 = pixelshader
1466143696466 2401784551048233683 256 # 811723272074579785 129
1466143696466 3110347799259631421 256 = 0
1466143696466 17276756675142519779 0 = pixelshader
1466143696483 2401784551048233683 256 # 811723272074579785 129
1466143696483 3110347799259631421 256 = 0
1466143696483 17276756675142519779 0 = pixelshader
1466143696496 2401784551048233683 256 # 811723272074579785 129
1466143696496 3110347799259631421 256 = 0
1466143696496 17276756675142519779 0 = pixelshader
1466143696505 2401784551048233683 256 # 811723272074579785 129
1466143696505 3110347799259631421 256 = 0
1466143696505 17276756675142519779 0 = pixelshader
