1449835187010 2401784551048233683 128 # 489654099474787793 176
1449835187010 15964218434522286973 128 = 0
1449835187010 14036459153873790844 128 = position
1449835187010 6934186092276161285 128 = 1
1449835187010 9406760634364123629 128 = 0
1449835187010 17734518368238324601 128 = color
1449835187010 4686209015063057260 128 = 1
1449835187010 17748730215441242863 128 = 2
1449835187010 9184770673076840296 128 = mvp
1449835187010 8393011080744765450 128 = 1
1449835187010 3110347799259631421 128 = 3
1450794926559 2401784551048233683 128 # 489654099474787793 176
1450794926559 15964218434522286973 128 = 0
1450794926559 14036459153873790844 128 = position
1450794926559 6934186092276161285 128 = 1
1450794926559 9406760634364123629 128 = 0
1450794926559 17734518368238324601 128 = color
1450794926559 4686209015063057260 128 = 1
1450794926559 17748730215441242863 128 = 2
1450794926559 9184770673076840296 128 = mvp
1450794926559 8393011080744765450 128 = 1
1450794926559 3110347799259631421 128 = 3
1450794926559 17276756675142519779 0 = vertexshader
